 671 
 238 
 514 
 847 
 367 
 719 
 507 
 321 
 621 
 31 
 848 
 758 
 188 
 751 
 943 
 31 
 563 
 84 
 404 
 836 
 487 
 766 
 608 
 674 
 224 
 837 
 498 
 787 
 293 
 671 
 182 
 316 
 909 
 49 
 164 
 277 
 768 
 23 
 950 
 741 
 55 
 798 
 851 
 243 
 901 
 795 
 626 
 464 
 231 
 31 
 652 
 718 
 149 
 260 
 744 
 374 
 98 
 243 
 513 
 743 
 914 
 695 
 59 
 175 
 96 
 575 
 804 
 216 
 951 
 754 
 958 
 6 
 552 
 809 
 601 
 453 
 604 
 228 
 269 
 187 
 611 
 273 
 905 
 760 
 534 
 650 
 486 
 984 
 245 
 999 
 79 
 511 
 47 
 138 
 686 
 143 
 714 
 843 
 360 
 17 
 597 
 318 
 23 
 502 
 479 
 976 
 307 
 436 
 556 
 929 
 623 
 167 
 202 
 881 
 280 
 88 
 883 
 118 
 424 
 128 
 470 
 503 
 639 
 869 
 994 
 677 
 12 
 60 
 520 
 724 
 77 
 470 
 394 
 452 
 972 
 874 
 428 
 631 
 662 
 337 
 560 
 637 
 856 
 763 
 518 
 136 
 203 
 401 
 607 
 628 
 529 
 429 
 131 
 520 
 298 
 477 
 550 
 662 
 537 
 422 
 387 
 614 
 892 
 781 
 66 
 216 
 7 
 847 
 848 
 669 
 184 
 760 
 307 
 40 
 523 
 177 
 529 
 79 
 579 
 136 
 707 
 460 
 917 
 190 
 333 
 215 
 668 
 883 
 229 
 205 
 657 
 616 
 172 
 550 
 750 
 238 
 118 
 109 
 85 
 966 
 779 
 269 
 727 
 438 
 662 
 602 
 967 
 191 
 33 
 546 
 679 
 740 
 359 
 596 
 283 
 692 
 163 
 303 
 927 
 392 
 508 
 584 
 361 
 32 
 486 
 111 
 271 
 605 
 220 
 708 
 923 
 351 
 330 
 2 
 141 
 992 
 957 
 109 
 183 
 990 
 7 
 214 
 83 
 366 
 810 
 366 
 410 
 973 
 669 
 337 
 717 
 529 
 274 
 78 
 562 
 760 
 541 
 185 
 717 
 114 
 893 
 641 
 465 
 575 
 995 
 959 
 919 
 952 
 68 
 102 
 943 
 75 
 316 
 26 
 794 
 478 
 744 
 204 
 803 
 413 
 894 
 521 
 942 
 168 
 951 
 856 
 280 
 845 
 41 
 998 
 959 
 287 
 639 
 776 
 862 
 634 
 735 
 782 
 939 
 803 
 236 
 234 
 231 
 905 
 260 
 25 
 383 
 4 
 229 
 539 
 769 
 123 
 412 
 63 
 643 
 715 
 920 
 924 
 560 
 961 
 922 
 519 
 248 
 913 
 296 
 463 
 899 
 31 
 245 
 838 
 187 
 833 
 72 
 418 
 738 
 684 
 443 
 474 
 40 
 24 
 365 
 809 
 148 
 777 
 873 
 791 
 492 
 793 
 715 
 405 
 106 
 989 
 924 
 355 
 902 
 572 
 170 
 802 
 604 
 415 
 992 
 143 
 600 
 417 
 561 
 339 
 101 
 356 
 165 
 494 
 380 
 530 
 303 
 880 
 659 
 528 
 24 
 151 
 673 
 91 
 556 
 132 
 81 
 833 
 839 
 335 
 405 
 9 
 137 
 361 
 424 
 482 
 504 
 24 
 899 
 417 
 715 
 352 
 773 
 880 
 846 
 506 
 762 
 502 
 386 
 421 
 30 
 410 
 925 
 56 
 854 
 833 
 188 
 935 
 18 
 27 
 270 
 424 
 36 
 760 
 137 
 812 
 242 
 994 
 188 
 493 
 763 
 256 
 845 
 889 
 136 
 692 
 395 
 251 
 194 
 133 
 672 
 576 
 544 
 949 
 632 
 750 
 783 
 172 
 685 
 801 
 551 
 307 
 577 
 587 
 67 
 67 
 751 
 661 
 413 
 940 
 154 
 176 
 196 
 352 
 65 
 684 
 44 
 460 
 287 
 590 
 594 
 312 
 166 
 490 
 261 
 151 
 240 
 396 
 323 
 277 
 550 
 875 
 584 
 127 
 814 
 4 
 546 
 918 
 17 
 959 
 858 
 524 
 136 
 406 
 876 
 553 
 442 
 272 
 366 
 82 
 862 
 960 
 394 
 28 
 802 
 655 
 179 
 394 
 404 
 855 
 671 
 954 
 82 
 607 
 433 
 248 
 611 
 980 
 166 
 629 
 291 
 376 
 153 
 779 
 134 
 381 
 333 
 929 
 653 
 699 
 11 
 515 
 11 
 405 
 895 
 813 
 412 
 427 
 559 
 816 
 282 
 230 
 122 
 716 
 837 
 556 
 964 
 801 
 888 
 483 
 782 
 179 
 859 
 287 
 959 
 346 
 668 
 644 
 275 
 321 
 343 
 286 
 188 
 354 
 691 
 83 
 519 
 455 
 510 
 78 
 272 
 144 
 308 
 394 
 860 
 497 
 302 
 177 
 650 
 190 
 660 
 432 
 722 
 871 
 71 
 33 
 217 
 739 
 677 
 492 
 412 
 20 
 778 
 600 
 726 
 821 
 684 
 245 
 277 
 194 
 323 
 901 
 339 
 983 
 647 
 551 
 832 
 950 
 728 
 483 
 492 
 740 
 267 
 566 
 612 
 339 
 599 
 181 
 430 
 628 
 26 
 843 
 0 
 156 
 795 
 726 
 978 
 479 
 323 
 607 
 26 
 646 
 508 
 717 
 981 
 507 
 268 
 814 
 809 
 997 
 649 
 302 
 89 
 268 
 220 
 53 
 607 
 172 
 235 
 390 
 800 
 613 
 233 
 153 
 769 
 28 
 231 
 99 
 860 
 555 
 58 
 886 
 553 
 918 
 603 
 535 
 426 
 223 
 701 
 235 
 572 
 702 
 889 
 662 
 970 
 110 
 715 
 930 
 634 
 302 
 320 
 786 
 267 
 905 
 939 
 37 
 285 
 171 
 488 
 145 
 726 
 547 
 383 
 631 
 465 
 338 
 166 
 243 
 562 
 219 
 479 
 134 
 921 
 720 
 148 
 244 
 830 
 216 
 174 
 816 
 518 
 846 
 603 
 138 
 751 
 542 
 175 
 36 
 65 
 15 
 534 
 791 
 562 
 917 
 423 
 380 
 256 
 941 
 623 
 170 
 513 
 454 
 304 
 434 
 175 
 453 
 30 
 357 
 669 
 204 
 174 
 539 
 402 
 777 
 677 
 153 
 671 
 204 
 542 
 737 
 572 
 76 
 528 
 486 
 993 
 303 
 866 
 601 
 597 
 842 
 771 
 110 
 648 
 428 
 896 
 823 
 881 
 927 
 181 
 902 
 483 
 707 
 793 
 886 
 484 
 823 
 391 
 155 
 379 
 933 
 244 
 951 
 9 
 125 
 438 
 355 
 428 
 656 
 956 
 25 
 498 
 728 
 487 
 147 
 508 
 384 
 322 
 389 
 311 
 855 
 643 
 146 
 562 
 436 
 32 
 398 
 611 
 424 
 906 
 991 
 357 
 150 
 942 
 719 
 275 
 380 
 74 
 56 
 389 
 30 
 433 
 239 
 110 
 921 
 738 
 618 
 305 
 61 
 359 
 968 
 268 
 354 
 114 
 831 
 143 
 499 
 581 
 754 
 275 
 487 
 745 
 984 
 990 
 688 
 703 
 617 
 420 
 777 
 673 
 809 
 160 
 107 
 49 
 622 
 380 
 139 
 593 
 37 
 200 
 304 
 5 
 469 
 659 
 471 
 652 
 154 
 970 
 585 
 908 
 597 
 425 
 654 
 582 
 415 
 694 
 637 
 32 
 466 
 767 
 58 
 628 
 927 
 517 
 29 
 901 
 897 
 168 
 846 
 934 
 721 
 151 
 291 
 190 
 162 
 762 
 194 
 316 
 85 
 779 
 576 
 34 
 204 
 582 
 616 
 971 
 276 
 254 
 356 
 95 
 21 
 766 
 723 
 300 
 283 
 752 
 553 
 532 
 920 
 400 
 818 
 641 
 903 
 109 
 183 
 417 
 223 
 729 
 85 
 660 
 861 
 661 
 695 
 417 
 244 
 311 
 389 
 872 
 917 
 97 
 967 
 938 
 863 
 690 
 590 
 498 
 794 
 144 
 30 
 715 
 544 
 848 
 708 
 447 
 309 
 244 
 216 
 884 
 973 
 301 
 545 
 834 
 962 
 240 
 252 
 558 
 903 
 993 
 431 
 821 
 90 
 750 
 111 
 305 
 441 
 702 
 803 
 587 
 846 
 185 
 302 
 742 
 385 
 363 
 541 
 694 
 607 
 757 
 578 
 932 
 58 
 475 
 767 
 20 
 715 
 371 
 931 
 619 
 716 
 362 
 440 
 158 
 112 
 903 
 463 
