0
2
4
4
5
6
7
7
9
9
11
11
12
15
17
17
18
20
20
21
23
23
24
24
24
25
25
26
26
26
27
28
28
29
30
30
30
30
31
31
31
31
32
32
32
33
33
34
36
36
37
37
40
40
41
44
47
49
49
53
55
56
56
58
58
58
59
60
61
63
65
65
66
67
67
68
71
72
74
75
76
77
78
78
79
79
81
82
82
83
83
84
85
85
85
88
89
90
91
95
96
97
98
99
101
102
106
107
109
109
109
110
110
110
111
111
112
114
114
118
118
122
123
125
127
128
131
132
133
134
134
136
136
136
136
137
137
138
138
139
141
143
143
143
144
144
145
146
147
148
148
149
150
151
151
151
153
153
153
154
154
155
156
158
160
162
163
164
165
166
166
166
167
168
168
170
170
171
172
172
172
174
174
175
175
175
176
177
177
179
179
181
181
182
183
183
184
185
185
187
187
188
188
188
188
190
190
190
191
194
194
194
196
200
202
203
204
204
204
204
205
214
215
216
216
216
216
217
219
220
220
223
223
224
228
229
229
230
231
231
231
233
234
235
235
236
238
238
239
240
240
242
243
243
243
244
244
244
244
245
245
245
248
248
251
252
254
256
256
260
260
261
267
267
268
268
268
269
269
270
271
272
272
273
274
275
275
275
276
277
277
277
280
280
282
283
283
285
286
287
287
287
291
291
293
296
298
300
301
302
302
302
302
303
303
303
304
304
305
305
307
307
307
308
309
311
311
312
316
316
316
318
320
321
321
322
323
323
323
330
333
333
335
337
337
338
339
339
339
343
346
351
352
352
354
354
355
355
356
356
357
357
359
359
360
361
361
362
363
365
366
366
366
367
371
374
376
379
380
380
380
380
381
383
383
384
385
386
387
389
389
389
390
391
392
394
394
394
394
395
396
398
400
401
402
404
404
405
405
405
406
410
410
412
412
412
413
413
415
415
417
417
417
417
418
420
421
422
423
424
424
424
424
425
426
427
428
428
428
429
430
431
432
433
433
434
436
436
438
438
440
441
442
443
447
452
453
453
454
455
460
460
463
463
463
464
465
465
466
469
470
470
471
474
475
477
478
479
479
479
482
483
483
483
484
486
486
486
487
487
487
488
490
492
492
492
493
494
497
498
498
498
499
502
502
503
504
506
507
507
508
508
508
510
511
513
513
514
515
517
518
518
519
519
520
520
521
523
524
528
528
529
529
529
530
532
534
534
535
537
539
539
541
541
542
542
544
544
545
546
546
547
550
550
550
551
551
552
553
553
553
555
556
556
556
558
559
560
560
561
562
562
562
562
563
566
572
572
572
575
575
576
576
577
578
579
581
582
582
584
584
585
587
587
590
590
593
594
596
597
597
597
599
600
600
601
601
602
603
603
604
604
605
607
607
607
607
607
608
611
611
611
612
613
614
616
616
617
618
619
621
622
623
623
626
628
628
628
629
631
631
632
634
634
637
637
639
639
641
641
643
643
644
646
647
648
649
650
650
652
652
653
654
655
656
657
659
659
660
660
661
661
662
662
662
662
668
668
669
669
669
671
671
671
671
672
673
673
674
677
677
677
679
684
684
684
685
686
688
690
691
692
692
694
694
695
695
699
701
702
702
703
707
707
708
708
714
715
715
715
715
715
715
716
716
717
717
717
718
719
719
720
721
722
723
724
726
726
726
727
728
728
729
735
737
738
738
739
740
740
741
742
743
744
744
745
750
750
750
751
751
751
752
754
754
757
758
760
760
760
760
762
762
763
763
766
766
767
767
768
769
769
771
773
776
777
777
777
778
779
779
779
781
782
782
783
786
787
791
791
793
793
794
794
795
795
798
800
801
801
802
802
803
803
803
804
809
809
809
809
810
812
813
814
814
816
816
818
821
821
823
823
830
831
832
833
833
833
834
836
837
837
838
839
842
843
843
845
845
846
846
846
846
847
847
848
848
848
851
854
855
855
856
856
858
859
860
860
861
862
862
863
866
869
871
872
873
874
875
876
880
880
881
881
883
883
884
886
886
888
889
889
892
893
894
895
896
897
899
899
901
901
901
902
902
903
903
903
905
905
905
906
908
909
913
914
917
917
917
918
918
919
920
920
921
921
922
923
924
924
925
927
927
927
929
929
930
931
932
933
934
935
938
939
939
940
941
942
942
943
943
949
950
950
951
951
951
952
954
956
957
958
959
959
959
959
960
961
962
964
966
967
967
968
970
970
971
972
973
973
976
978
980
981
983
984
984
989
990
990
991
992
992
993
993
994
994
995
997
998
